[GeoCvtInf]
Ellipsoid=0
Projectid=0
EllipsoA=6378137.000000000
EllipsoB=6356752.314245179
ProjectScale=1.000000000
ProjectHemi=1
ProjectOriLat=0.000000000
ProjectCenMeri=117.000000000
ProjectFalseNor=0.000000000
ProjectFalseEas=500000.000000000
Elevationid=0
ElevationHeiAdj=
[Param7Inf]
Dx=0.000000000000000e+000
Dy=0.000000000000000e+000
Dz=0.000000000000000e+000
Rx=0.000000000000000e+000
Ry=0.000000000000000e+000
Rz=0.000000000000000e+000
Scale=0.000000000000000e+000
